8.569376895661654503e-01
8.197039203233748017e-01
2.367079100342297515e+00
6.465811563666452599e-01
1.424581159445571288e+00
6.962868882911791291e-01
1.062985415881276374e+00
4.089862080020471580e-01
1.309858997503039468e+00
1.609431596562215905e+00
1.040688001635292181e+00
7.727389733273757333e-01
1.570141446659001128e+00
1.132866372953216239e+00
1.018418563774851515e+00
9.996550012478512270e-01
1.831871719985010083e+00
9.810916166125406290e-01
1.095751343429036462e+00
9.900311220426886161e-01
7.514651022011095138e-01
2.550949309390651010e-01
8.288397453330617060e-01
4.648134925430014719e-01
7.680578725363351733e-01
1.238550306798995138e+00
1.311039422581169900e+00
7.737287276001152403e-01
1.198983986465703477e+00
8.212933308825777212e-01
8.393947039142971578e-01
1.411702272543891690e+00
8.487670594034751881e-01
4.215479516155365980e-01
3.492276257098148595e-01
8.068644112294225401e-01
1.068202903673868276e+00
6.036368042599473682e-01
2.372402336909984033e+00
7.175696458236594522e-01
7.553806222237520185e-01
1.112215508024642308e+00
7.666725745896656452e-01
1.208706875990785745e+00
5.819589712332584597e-01
1.034349825352368857e+00
1.613870145810271106e+00
6.112975535854825448e-01
1.580769951894101411e+00
5.628518161486941729e-01
1.196598769910400151e+00
2.163092681687075469e-01
1.532976783565315415e+00
8.192144680222531727e-01
7.173956574390880636e-01
1.532166142102001860e+00
6.005271351390446544e-01
5.090003927460089450e-01
1.231240984820727302e+00
5.571111142537573668e-01
2.064320795167364775e+00
3.874312532672183895e-01
1.669854655296596491e+00
4.465377653479793985e-01
1.568408059219478234e+00
4.481356479057865272e-01
5.694584141004928046e-01
5.949925078636189024e-01
6.135761161737678382e-01
7.834436684164483022e-01
9.390404323510155304e-01
1.021266771722958211e+00
1.163601449081140160e+00
1.096215261454960954e+00
9.220239721651976028e-01
6.586876562617475228e-01
1.110820213411791935e+00
6.449813212106423332e-01
7.341720705330845309e-01
8.804795061585343197e-01
9.102143400013187335e-01
2.980818682784192597e-01
7.038249104680261992e-01
8.513257172470938272e-01
6.038516403658783505e-01
9.263162472845211104e-01
5.939906668804828538e-01
6.842488515467549659e-01
7.699428120797220387e-01
7.499649152320455592e-01
1.002171385673152226e+00
1.229289739479878740e+00
5.923042068929500470e-01
6.477235641555755263e-01
1.019895289599717536e+00
6.324195339093857671e-01
7.963834424187525851e-01
8.614811164971009072e-01
8.973569983967456531e-01
4.683192346608675560e-01
9.505967108842799940e-01
1.199594218461770057e+00
1.152530729326389558e+00
7.776180636743343921e-01
6.944533933140879522e-01
7.229449580978232204e-01
1.115085293171532932e+00
3.767252543325382841e-01
4.906920305867309429e-01
9.979923308249880609e-01
1.250027079907124028e+00
7.658160189427289932e-01
7.167809062888265137e-01
7.012590202223872859e-01
5.249387700898571207e-01
7.158384012601491930e-01
1.212588940628306133e+00
8.562466598141434959e-01
3.898584750002010990e-01
3.055040548095140918e-01
4.641500687901763955e-01
6.712438982920926334e-01
5.055237551175681965e-01
1.277695385212703538e+00
8.151363251228278539e-01
9.483354803012254974e-01
1.520996576021451219e+00
9.058169832544757938e-01
3.911731295133131781e-01
1.303247703263839208e+00
5.639072601001531293e-01
6.937776817889159675e-01
3.236965353176585181e-01
7.521304394392428483e-01
2.972736247642864260e-01
4.529793534168710112e-01
1.118555486794857501e+00
6.097217799204843747e-01
6.476723671784704317e-01
1.105926128289822952e+00
6.857272877088255170e-01
1.066351188977888054e+00
8.143334318114688886e-01
1.137616763543634502e+00
9.767637759103698913e-01
1.023059759110377165e+00
9.294635349135389468e-01
7.876132216146268794e-01
6.108609647615673710e-01
6.401636351694778293e-01
1.403499047683367751e+00
7.116300027070544543e-01
6.413304597499192017e-01
1.007175563930252427e+00
5.105663547474554864e-01
5.602573369503961453e-01
6.362413586719000147e-01
4.336701470692120308e-01
6.776394008250850032e-01
1.003285967074678764e+00
8.283781568154445774e-01
1.124170841010083688e+00
8.189755607835964568e-01
5.225945753705361074e-01
7.195590810381992108e-01
7.377908617022884696e-01
4.878200087308596777e-01
8.921269109876091008e-01
8.549998387644878184e-01
7.100559957234872099e-01
1.331149225098013922e+00
7.303292205928902936e-01
3.785702126520854582e-01
4.531246826421073126e-01
8.295091136681196353e-01
6.731326493716790482e-01
1.348705983857701796e+00
4.962292240621081207e-01
6.288130241124749720e-01
7.524635279830246271e-01
5.488863011610457532e-01
6.596072733826646717e-01
1.019988358617678115e+00
7.633215276689100381e-01
8.960027118442382976e-01
1.196284843179832746e+00
6.018275498489900066e-01
9.553337262275883868e-01
5.804947318114770383e-01
9.558613445334506187e-01
1.184108136538623901e+00
6.322870066808985445e-01
3.618850824733026439e-01
8.958815179636040460e-01
6.550724580726144941e-01
4.825691167973534257e-01
1.018184262148549513e+00
9.011240144061529733e-01
7.611574523204459597e-01
8.276290251099946982e-01
8.147755287446700745e-01
3.915009127068145856e-01
5.215228331326207112e-01
3.730321043940522663e-01
6.365852160640967927e-01
7.209112628934312150e-01
9.576584124329522441e-01
6.622367421857818792e-01
5.235529567365214687e-01
8.557007377966129313e-01
7.201805792589569544e-01
5.044941259971540415e-01
5.580425587630619688e-01
8.004251894976142090e-01
7.710530545293218241e-01
7.365591366386852190e-01
7.749641397185801361e-01
6.604115828176807534e-01
1.623452698524100457e+00
9.710879663642942861e-01
7.940416855453069633e-01
8.452049258356150174e-01
5.855385830903940825e-01
1.031632161921909763e+00
1.038421701315785040e+00
8.319716664365643943e-01
1.377550470728855947e+00
4.875805720106661245e-01
9.609719996226755434e-01
6.745009412527857018e-01
4.713746628936932304e-01
6.497363288071297260e-01
4.097932754295510183e-01
8.261638536157194235e-01
5.293504956321845034e-01
8.000005251837817299e-01
1.262479682450817986e+00
6.403562765465887763e-01
6.091787066121328031e-01
9.440301130084256531e-01
1.171998674476656621e+00
3.614545095973294986e-01
7.859780123550904607e-01
8.688822425796315363e-01
1.639107340599385898e+00
6.875898998284308838e-01
4.072831399298824651e-01
5.437583241683690005e-01
7.284686306639454045e-01
9.273198662833106454e-01
7.935376822275120867e-01
5.533086325691112251e-01
5.615107341001467356e-01
1.166704173375864739e+00
1.388815691809977659e+00
5.505965032792919933e-01
9.667500969522191401e-01
1.113946209277450805e+00
4.889701503312801067e-01
6.172188784860253019e-01
7.260669985259921022e-01
7.369157155508159196e-01
5.186201648775575768e-01
1.338579286967210180e+00
6.568298893804918048e-01
7.656423239364692490e-01
7.945441321367762155e-01
7.110843079971589376e-01
8.146808538234799890e-01
6.195396791016593019e-01
8.197085584056120755e-01
6.337711768097805676e-01
1.274530669062561072e+00
8.662329170004435808e-01
7.481145086368755637e-01
7.915493089654885850e-01
7.594007386454481034e-01
7.904376435354535380e-01
5.106106894726674117e-01
8.890857260842464083e-01
5.589209324194401862e-01
4.628154090928003339e-01
9.198152435379980396e-01
2.953918432236299907e-01
8.630872739857493592e-01
5.011184632896068525e-01
1.258809928263539879e+00
2.918789838684209270e-01
5.722411274653559365e-01
6.226238375929371571e-01
5.748479028148987258e-01
8.698066456918343015e-01
7.901158386568493119e-01
2.151029403656257444e-01
6.179668753567415518e-01
9.287442632794752351e-01
5.062978502963898508e-01
8.852771997348141131e-01
1.020032912740840958e+00
7.960694442865903220e-01
6.605399244100667033e-01
5.839908865937982752e-01
6.291973227698308690e-01
5.641372260486454682e-01
1.121203944232838312e+00
5.615371612222850306e-01
1.207130411885920074e+00
5.143772662197414469e-01
1.186180462031018346e+00
7.913364470537714856e-01
7.390869801455339783e-01
7.331613150703637505e-01
1.092972720232832096e+00
7.865011401972628047e-01
1.108579469856553423e+00
5.846238626364775870e-01
5.141754019871078718e-01
1.077736563188639529e+00
9.851536978309247683e-01
4.034521145545709175e-01
8.433098186843928090e-01
7.095588496697109449e-01
6.272969241284492847e-01
3.331498260863830496e-01
1.070078324375856260e+00
8.668806122482515253e-01
5.115949321049322318e-01
9.025518660375099200e-01
1.242533839716604360e+00
6.702005913481843269e-01
1.143957411200381857e+00
6.294962835046896688e-01
1.357158941050812029e+00
7.475970706094848817e-01
6.194601149430410958e-01
3.892417677495824679e-01
5.840589742222339620e-01
6.851604361480503336e-01
6.867820464139996472e-01
7.537619128255295120e-01
8.922000062732783343e-01
3.914875531433879563e-01
7.441981210140072855e-01
1.244617299153019330e+00
7.936822894377439930e-01
5.308833730749938917e-01
1.005582189665564119e+00
9.079838726672256888e-01
7.640699681361687867e-01
1.061676306727463714e+00
9.549732601894893591e-01
7.208152515640416924e-01
5.007813477176743522e-01
5.656745621925945988e-01
8.285228302918153931e-01
7.400229075422600777e-01
7.857866920672174071e-01
6.785698505029378325e-01
1.053336839960388627e+00
7.167757705739510321e-01
8.528804523757915756e-01
4.398125815027713603e-01
5.235220229606152298e-01
4.653149077836662428e-01
4.694810365327541368e-01
6.781564452249047026e-01
1.048441851948348269e+00
7.783588065872537598e-01
7.588146882497911472e-01
6.391944776505650294e-01
4.665617566730103083e-01
8.835828172967719052e-01
6.402057020647208274e-01
6.544856638221139278e-01
1.068670366180328957e+00
8.492426067215076424e-01
7.081834629952658000e-01
5.497113313910704235e-01
6.989702783039795086e-01
7.746454544223317917e-01
1.142283077053513951e+00
5.865069564355456233e-01
8.848938430218993290e-01
6.863476224950737503e-01
1.270200991820331859e+00
1.206228164805948078e+00
7.085537020143202191e-01
4.189811890527275207e-01
5.051222233983915233e-01
6.405220258801582744e-01
5.326997958162098534e-01
8.030844570098060187e-01
8.106773418111039575e-01
4.082941482507360109e-01
7.882905529579748993e-01
7.075667748961853576e-01
7.689257529314069695e-01
7.201983004094532070e-01
8.961919705459733265e-01
4.330337464463694941e-01
5.495540569131629471e-01
4.447459504067625691e-01
6.628836087148410883e-01
7.193397338290494769e-01
3.415961225764418963e-01
3.978644157321819530e-01
8.925049105239418745e-01
7.528789792766941158e-01
8.164125910262686192e-01
6.391992658167799934e-01
5.699463092613904491e-01
5.422431792394910577e-01
5.275686541304831501e-01
7.948894881506796128e-01
3.230571524885194057e-01
4.685473630186561267e-01
4.345867764198738104e-01
3.271686362245203039e-01
1.010676190549740783e+00
4.432974073145463101e-01
4.639891649072862001e-01
8.994057718150970659e-01
7.246745054710124201e-01
6.096452133147005625e-01
1.603130808005810870e+00
5.823472860794435269e-01
1.105650728490556123e+00
3.902809374143106913e-01
8.582866399904928167e-01
3.480342949288329213e-01
8.693413580701824239e-01
7.092427241741270372e-01
9.592493007379837566e-01
6.145544677186920435e-01
7.340231223394253490e-01
4.453740927827195550e-01
6.223852431519358852e-01
6.646806396738212941e-01
1.052614507884744643e+00
8.191935242515565596e-01
4.974937134260309368e-01
6.626751666479122616e-01
6.841958848293163697e-01
5.482361294270968743e-01
1.002320637689971150e+00
8.164122856873857748e-01
9.580432362811922564e-01
7.233318297722621804e-01
1.014726279787288243e+00
6.580662223381643638e-01
8.642133696645108998e-01
6.448462300472738162e-01
8.584106572019927217e-01
4.898200887268006065e-01
7.623481443339429342e-01
6.485506707968506923e-01
6.161560653251442199e-01
9.980988297625780215e-01
4.585662645607628818e-01
4.059882323173927832e-01
8.119223638349046812e-01
1.189230916709047126e+00
7.419987093119884136e-01
6.512469411121172280e-01
7.431369203502320442e-01
9.098065265765975518e-01
3.957614627329030244e-01
1.118577146624181617e+00
5.828685244500694251e-01
8.016612199263221106e-01
8.871537182569430025e-01
5.322964041150080039e-01
8.228195694999709264e-01
4.445033522074062771e-01
1.183510906023805820e+00
3.896764224657681130e-01
5.594716370576113817e-01
5.756822291478910225e-01
1.187064534195247489e+00
4.922962633050855796e-01
9.964737084199366546e-01
8.305042910051959604e-01
5.750794535205346891e-01
1.252328986337854611e+00
8.309470419918072448e-01
7.325013085878648855e-01
7.354980722857923370e-01
7.985921445712239608e-01
1.131632910527770042e+00
6.886476121121237748e-01
9.950359980384358982e-01
3.851413625723826839e-01
4.306188778933739969e-01
5.989985012706393608e-01
9.271585813629649175e-01
4.450140820694219457e-01
1.001046598519507169e+00
9.307459765984074096e-01
4.556936950497472161e-01
5.110287673659880125e-01
4.615087851823858611e-01
7.764527446527929033e-01
6.125266158738449374e-01
4.797373951633110978e-01
7.059396970062888910e-01
8.836551198816076091e-01
9.617242472245919327e-01
5.192444746286807300e-01
3.249697778531554504e-01
7.831495662753878984e-01
3.628064771497160890e-01
9.334132714603605718e-01
1.187657439661808478e+00
5.129011448598046474e-01
3.722459132403479476e-01
4.837878112123468743e-01
1.118739794470310578e+00
8.985094934664130673e-01
9.487071258876438318e-01
3.608933236597797189e-01
1.196998258427695028e+00
4.508791579572149488e-01
8.835722384630279036e-01
4.815227529282201102e-01
8.772874221075889212e-01
6.429968617217689530e-01
5.576266722414893184e-01
8.166488320230111952e-01
1.261836433452522943e+00
6.854944385549325281e-01
3.329385572902935353e-01
3.691716178146911553e-01
9.567800849078992309e-01
5.807844198409023440e-01
5.719080648951354595e-01
4.072698853301687794e-01
6.578190644428113520e-01
4.755477942033802807e-01
4.884363465587277520e-01
7.386879970778098548e-01
4.462342739715974282e-01
5.513889111222217698e-01
6.125508023551723413e-01
7.716843869070351136e-01
9.031294283343372920e-01
1.188483631014794151e+00
1.109025441454677186e+00
9.777684674079737404e-01
1.198064465926918842e+00
4.830030172419212398e-01
1.023446996359476557e+00
1.017052898872427669e+00
4.477172090173112684e-01
4.016775411867419820e-01
1.111832422532853304e+00
8.659167398981624242e-01
5.180073341779034557e-01
4.649689988351806136e-01
1.035994843360872331e+00
4.841755293341507560e-01
5.863835001692928595e-01
1.330587540503366029e+00
9.797491134174677319e-01
8.068188473317928766e-01
6.700335087337271345e-01
8.415167381715471517e-01
7.105544769708065367e-01
7.512920296074844240e-01
5.220480203292573451e-01
4.399216568405383554e-01
6.523635850088620458e-01
7.555923765114170854e-01
5.004565325959610123e-01
3.703230580664553240e-01
7.152952403325021358e-01
7.737084884685706543e-01
6.578678209091889384e-01
3.905108849141730731e-01
8.117313461698362209e-01
8.725958371473919728e-01
9.330865924295514979e-01
5.753730582029151774e-01
7.851040121087575763e-01
6.976975663722400078e-01
5.192900481730148288e-01
7.496740868109580402e-01
5.048776863292624428e-01
2.211785811701474647e-01
7.892448407080633332e-01
5.953563363433449496e-01
4.822702346723324873e-01
1.104192438029822032e+00
4.148425314145237630e-01
2.560209733295047418e-01
5.535199195492653823e-01
5.616180798569729848e-01
6.421966325123433794e-01
1.090682322083887490e+00
3.065998368187964340e-01
7.739306740942610841e-01
